1. 1111111111111111111111111111111111111111111111111111111111111111111111111111111111111111111111111111
2. 1111111111111111111111111111111111111111111111111111111111111111111111111111111111111111111111111111
3. 1111111111111111111111111111111111111111111111111111111111111111111111111111111111111111111111111111
4. 1111111111111111111111111111111111111111111111111111111111111111111111111111111111111111111111111111
5. 1111111111111111111111111111111111111111111111111111111111111111111111111111111111111111111111111111
6. 1111111111111111111111111111111111111111111111111111111111111111111111111111111111111111111111111111
7. 1111111111111111111111111111111111111111111111111111111111111111111111111111111111111111111111111111
8. 1111111111111111111111111111111111111111111111111111111111111111111111111111111111111111111111111111
9. 1111111111111111111111111111111111111111111111111111111111111111111111111111111111111111111111111111
10.1111111111111111111111111111111111111111111111111111111111111111111111111111111111111111111111111111
